                               Results: Logit
=============================================================================
Model:                   Logit               Method:              MLE        
Dependent Variable:      Default             Pseudo R-squared:    0.119      
Date:                    2026-05-28 13:48    AIC:                 129295.7384
No. Observations:        204277              BIC:                 129592.3281
Df Model:                28                  Log-Likelihood:      -64619.    
Df Residuals:            204248              LL-Null:             -73363.    
Converged:               1.0000              LLR p-value:         0.0000     
No. Iterations:          162.0000            Scale:               1.0000     
-----------------------------------------------------------------------------
                              Coef.  Std.Err.    z     P>|z|   [0.025  0.975]
-----------------------------------------------------------------------------
const                        -2.3382   0.0388 -60.2367 0.0000 -2.4143 -2.2621
Age                          -0.5854   0.0078 -75.4414 0.0000 -0.6006 -0.5702
Income                       -0.3416   0.0074 -46.0105 0.0000 -0.3562 -0.3271
LoanAmount                    0.3003   0.0074  40.6345 0.0000  0.2859  0.3148
CreditScore                  -0.1220   0.0073 -16.7334 0.0000 -0.1363 -0.1077
MonthsEmployed               -0.3370   0.0074 -45.4416 0.0000 -0.3516 -0.3225
NumCreditLines                0.0895   0.0065  13.7166 0.0000  0.0767  0.1023
InterestRate                  0.4585   0.0076  60.6016 0.0000  0.4437  0.4734
LoanTerm                      0.0002   0.0004   0.4861 0.6269 -0.0006  0.0010
DTIRatio                      0.0682   0.0073   9.3724 0.0000  0.0539  0.0824
HasMortgage                  -0.1555   0.0146 -10.6806 0.0000 -0.1840 -0.1269
HasDependents                -0.2532   0.0146 -17.3548 0.0000 -0.2818 -0.2246
HasCoSigner                  -0.2630   0.0146 -18.0200 0.0000 -0.2916 -0.2344
Education_High School         0.0766   0.0199   3.8436 0.0001  0.0376  0.1157
Education_Master's           -0.1325   0.0207  -6.4130 0.0000 -0.1730 -0.0920
Education_PhD                -0.1782   0.0207  -8.5885 0.0000 -0.2189 -0.1375
EmploymentType_Part-time      0.2738   0.0213  12.8313 0.0000  0.2320  0.3157
EmploymentType_Self-employed  0.2441   0.0215  11.3518 0.0000  0.2019  0.2862
EmploymentType_Unemployed     0.4443   0.0209  21.2529 0.0000  0.4034  0.4853
MaritalStatus_Married        -0.2085   0.0179 -11.6325 0.0000 -0.2436 -0.1733
MaritalStatus_Single         -0.0609   0.0175  -3.4820 0.0005 -0.0951 -0.0266
LoanPurpose_Business          0.0545   0.0226   2.4117 0.0159  0.0102  0.0988
LoanPurpose_Education        -0.0116   0.0228  -0.5076 0.6118 -0.0563  0.0332
LoanPurpose_Home             -0.1866   0.0235  -7.9434 0.0000 -0.2326 -0.1406
LoanPurpose_Other            -0.0128   0.0229  -0.5604 0.5752 -0.0577  0.0320
Lender_Partner_Partner B      0.0033   0.0197   0.1684 0.8663 -0.0353  0.0419
Lender_Partner_Partner C      0.0113   0.0209   0.5372 0.5911 -0.0298  0.0523
Lender_Partner_Partner D     -0.0079   0.0231  -0.3439 0.7309 -0.0532  0.0373
Lender_Partner_Partner E      0.0362   0.0265   1.3700 0.1707 -0.0156  0.0881
=============================================================================
